***************************** Symmetries *****************************
Space group No.  166
International: R-3m
Schoenflies: D3d^5
  Index                Rotation matrix                      Fractional translations
    1 :     1   0   0     0   1   0     0   0   1      0.000000    0.000000    0.000000
    2 :    -1   0   0     0  -1   0     0   0  -1      0.000000    0.000000    0.000000
    3 :    -1   1   0    -1   0   0    -2   0   1      0.000000    0.000000    0.000000
    4 :     1  -1   0     1   0   0     2   0  -1      0.000000    0.000000    0.000000
    5 :     0  -1   0     1  -1   0     0  -2   1      0.000000    0.000000    0.000000
    6 :     0   1   0    -1   1   0     0   2  -1      0.000000    0.000000    0.000000
    7 :     1   0   0     1  -1   0     2   0  -1      0.000000    0.000000    0.000000
    8 :    -1   0   0    -1   1   0    -2   0   1      0.000000    0.000000    0.000000
    9 :     0  -1   0    -1   0   0     0   0  -1      0.000000    0.000000    0.000000
   10 :     0   1   0     1   0   0     0   0   1      0.000000    0.000000    0.000000
   11 :    -1   1   0     0   1   0     0   2  -1      0.000000    0.000000    0.000000
   12 :     1  -1   0     0  -1   0     0  -2   1      0.000000    0.000000    0.000000
Info: The system has    12 symmetries that can be used.
**********************************************************************
