# nspin         1
# kick mode    0
# kick strength    0.005291772086
# dim           3
# pol(1)           1.000000000000    0.000000000000    0.000000000000
# pol(2)           0.000000000000    1.000000000000    0.000000000000
# pol(3)           0.000000000000    0.000000000000    1.000000000000
# direction    1
# Equiv. axes  3
# wprime           0.000000000000    0.000000000000    1.000000000000
# kick time        0.000000000000
#       Energy         (1/3)*Tr[sigma]    Anisotropy[sigma]      sigma(1,1,1)        sigma(1,2,1)        sigma(1,3,1)        sigma(2,1,1)        sigma(2,2,1)        sigma(2,3,1)        sigma(3,1,1)        sigma(3,2,1)        sigma(3,3,1)    
#        [eV]               [A^2]               [A^2]               [A^2]               [A^2]               [A^2]               [A^2]               [A^2]               [A^2]               [A^2]               [A^2]               [A^2]        
      0.00000000E+00      0.00000000E+00      0.00000000E+00      0.00000000E+00      0.00000000E+00      0.00000000E+00      0.00000000E+00      0.00000000E+00      0.00000000E+00      0.00000000E+00      0.00000000E+00      0.00000000E+00
      0.10000000E-01     -0.29707573E-09      0.19208366E-14     -0.29707573E-09      0.81447686E-15     -0.76858518E-15      0.81447686E-15     -0.29707573E-09     -0.76858518E-15     -0.76858518E-15     -0.76858518E-15     -0.29707573E-09
      0.20000000E-01     -0.11751152E-08      0.76741841E-14     -0.11751152E-08      0.32540405E-14     -0.30706711E-14      0.32540405E-14     -0.11751152E-08     -0.30706711E-14     -0.30706711E-14     -0.30706711E-14     -0.11751152E-08
      0.30000000E-01     -0.25945242E-08      0.17232804E-13     -0.25945242E-08      0.73071126E-14     -0.68952706E-14      0.73071126E-14     -0.25945242E-08     -0.68952706E-14     -0.68952706E-14     -0.68952706E-14     -0.25945242E-08
      0.40000000E-01     -0.44892108E-08      0.30550819E-13     -0.44892108E-08      0.12954471E-13     -0.12224142E-13      0.12954471E-13     -0.44892108E-08     -0.12224142E-13     -0.12224142E-13     -0.12224142E-13     -0.44892108E-08
      0.50000000E-01     -0.67664416E-08      0.47565347E-13     -0.67664416E-08      0.20169361E-13     -0.19031898E-13      0.20169361E-13     -0.67664416E-08     -0.19031898E-13     -0.19031898E-13     -0.19031898E-13     -0.67664416E-08
      0.60000000E-01     -0.93066563E-08      0.68195437E-13     -0.93066563E-08      0.28917651E-13     -0.27286151E-13      0.28917651E-13     -0.93066563E-08     -0.27286151E-13     -0.27286151E-13     -0.27286151E-13     -0.93066563E-08
