#iter energy            energy_diff  abs_dens     rel_dens     abs_ev       rel_ev      
    1   -1.33709219E+01  1.33709E+01  1.65654E+00  2.07068E-01  9.40711E-01  1.73107E-01
    2   -1.27785454E+01  5.92376E-01  3.33208E-01  4.16510E-02  5.45418E-01  1.11564E-01
    3   -1.11957936E+01  1.58275E+00  3.30270E-01  4.12837E-02  1.08341E+00  2.84700E-01
    4   -1.14319395E+01  2.36146E-01  4.14295E-02  5.17869E-03  1.96815E-01  4.91761E-02
    5   -1.14726093E+01  4.06698E-02  8.58345E-03  1.07293E-03  2.77906E-02  6.89583E-03
    6   -1.14261943E+01  4.64150E-02  9.74159E-03  1.21770E-03  3.11467E-02  7.78880E-03
    7   -1.14507415E+01  2.45471E-02  4.43247E-03  5.54058E-04  1.76118E-02  4.38485E-03
    8   -1.14508758E+01  1.34353E-04  2.54734E-04  3.18417E-05  4.51495E-04  1.12422E-04
    9   -1.14508299E+01  4.59091E-05  3.96747E-05  4.95934E-06  1.04634E-04  2.60545E-05
   10   -1.14525989E+01  1.76896E-03  3.80588E-04  4.75735E-05  1.14607E-03  2.85299E-04
   11   -1.14522276E+01  3.71314E-04  7.41175E-05  9.26469E-06  3.02392E-04  7.52818E-05
   12   -1.14523159E+01  8.83634E-05  1.43863E-05  1.79829E-06  5.87454E-05  1.46247E-05
   13   -1.14522181E+01  9.78707E-05  1.09677E-05  1.37096E-06  7.97585E-05  1.98563E-05
   14   -1.14522114E+01  6.61516E-06  1.34334E-06  1.67918E-07  6.20598E-06  1.54502E-06
   15   -1.14522101E+01  1.37428E-06  3.07310E-07  3.84138E-08  1.36196E-06  3.39068E-07
   16   -1.14521703E+01  3.97312E-05  4.10520E-06  5.13149E-07  3.33406E-05  8.30040E-06
   17   -1.14521673E+01  3.01760E-06  7.56623E-07  9.45779E-08  1.85981E-06  4.63015E-07
   18   -1.14521686E+01  1.33624E-06  6.21214E-07  7.76517E-08  1.42506E-06  3.54781E-07
   19   -1.14521696E+01  9.61015E-07  2.76584E-07  3.45730E-08  5.54512E-07  1.38050E-07
   20   -1.14521709E+01  1.28925E-06  3.59294E-07  4.49118E-08  7.13761E-07  1.77697E-07
   21   -1.14521709E+01  4.01527E-08  4.02462E-08  5.03078E-09  1.06571E-07  2.65317E-08
   22   -1.14521708E+01  3.80683E-08  4.25103E-09  5.31379E-10  3.85506E-08  9.59748E-09
