***************************** Symmetries *****************************
Space group No.  227
International: Fd-3m
Schoenflies: Oh^7
  Index                Rotation matrix                      Fractional translations
    1 :     1   0   0     0   1   0     0   0   1      0.000000    0.000000    0.000000
    2 :     0  -1   1     0  -1   0     1  -1   0      0.000000    0.000000    0.000000
    3 :    -1   0   0    -1   0   1    -1   1   0      0.000000    0.000000    0.000000
    4 :     0   1  -1     1   0  -1     0   0  -1      0.000000    0.000000    0.000000
    5 :    -1   1   0    -1   0   0    -1   0   1      0.000000    0.000000    0.000000
    6 :     0   0   1     1   0   0     0   1   0      0.000000    0.000000    0.000000
    7 :     1  -1   0     0  -1   1     0  -1   0      0.000000    0.000000    0.000000
    8 :     0   0  -1     0   1  -1     1   0  -1      0.000000    0.000000    0.000000
    9 :     0  -1   0     1  -1   0     0  -1   1      0.000000    0.000000    0.000000
   10 :    -1   0   1    -1   1   0    -1   0   0      0.000000    0.000000    0.000000
   11 :     0   1   0     0   0   1     1   0   0      0.000000    0.000000    0.000000
   12 :     1   0  -1     0   0  -1     0   1  -1      0.000000    0.000000    0.000000
   13 :     0   0  -1     1   0  -1     0   1  -1      0.000000    0.000000    0.000000
   14 :    -1   1   0    -1   0   1    -1   0   0      0.000000    0.000000    0.000000
   15 :     1  -1   0     0  -1   0     0  -1   1      0.000000    0.000000    0.000000
   16 :     0   0   1     0   1   0     1   0   0      0.000000    0.000000    0.000000
   17 :     1   0  -1     0   1  -1     0   0  -1      0.000000    0.000000    0.000000
   18 :     0  -1   0     0  -1   1     1  -1   0      0.000000    0.000000    0.000000
   19 :     0   1   0     1   0   0     0   0   1      0.000000    0.000000    0.000000
   20 :    -1   0   1    -1   0   0    -1   1   0      0.000000    0.000000    0.000000
   21 :     0   1  -1     0   0  -1     1   0  -1      0.000000    0.000000    0.000000
   22 :     1   0   0     0   0   1     0   1   0      0.000000    0.000000    0.000000
   23 :    -1   0   0    -1   1   0    -1   0   1      0.000000    0.000000    0.000000
   24 :     0  -1   1     1  -1   0     0  -1   0      0.000000    0.000000    0.000000
Info: The system has    24 symmetries that can be used.
**********************************************************************
