#iter energy            energy_diff  abs_dens     rel_dens     abs_ev       rel_ev      
    1   -1.34385871E+01  1.34386E+01  1.67123E+00  2.08904E-01  1.05576E+00  1.94502E-01
    2   -1.27652475E+01  6.73340E-01  3.46707E-01  4.33383E-02  5.61451E-01  1.15369E-01
    3   -1.12440831E+01  1.52116E+00  3.20529E-01  4.00661E-02  1.03009E+00  2.68499E-01
    4   -1.14265374E+01  1.82454E-01  3.19440E-02  3.99299E-03  1.58290E-01  3.96244E-02
    5   -1.14665912E+01  4.00537E-02  7.40978E-03  9.26222E-04  3.00359E-02  7.46269E-03
    6   -1.14283446E+01  3.82466E-02  8.65172E-03  1.08146E-03  2.46617E-02  6.16520E-03
    7   -1.14512316E+01  2.28870E-02  3.94038E-03  4.92548E-04  1.66208E-02  4.13786E-03
    8   -1.14514086E+01  1.77089E-04  2.26747E-04  2.83434E-05  3.43311E-04  8.54768E-05
    9   -1.14513943E+01  1.43476E-05  3.51689E-05  4.39612E-06  1.06069E-04  2.64095E-05
   10   -1.14525441E+01  1.14977E-03  2.58965E-04  3.23706E-05  7.27027E-04  1.80986E-04
   11   -1.14521259E+01  4.18191E-04  7.40806E-05  9.26008E-06  3.25964E-04  8.11519E-05
   12   -1.14520889E+01  3.69807E-05  6.56218E-06  8.20273E-07  2.59935E-05  6.47138E-06
   13   -1.14521818E+01  9.28692E-05  1.84588E-05  2.30735E-06  6.22151E-05  1.54889E-05
   14   -1.14521780E+01  3.75540E-06  1.19400E-06  1.49250E-07  6.22036E-06  1.54861E-06
   15   -1.14521569E+01  2.11367E-05  3.26614E-06  4.08268E-07  1.57090E-05  3.91088E-06
   16   -1.14521695E+01  1.25885E-05  2.00383E-06  2.50478E-07  9.50146E-06  2.36547E-06
   17   -1.14521696E+01  1.09544E-07  1.77251E-07  2.21564E-08  1.95056E-07  4.85609E-08
   18   -1.14521679E+01  1.67600E-06  2.68806E-07  3.36007E-08  1.23188E-06  3.06687E-07
   19   -1.14521680E+01  6.46430E-08  1.81444E-08  2.26804E-09  8.34182E-08  2.07676E-08
   20   -1.14521682E+01  2.48642E-07  4.35568E-08  5.44460E-09  1.76807E-07  4.40176E-08
