#iter energy            energy_diff  abs_dens     rel_dens     abs_ev       rel_ev      
    1   -1.38434313E+01  1.38434E+01  1.77915E+00  2.22394E-01  1.06501E+00  1.95842E-01
    2   -1.26456481E+01  1.19778E+00  4.65011E-01  5.81264E-02  6.87728E-01  1.44773E-01
    3   -1.15172760E+01  1.12837E+00  2.45753E-01  3.07191E-02  7.13060E-01  1.76617E-01
    4   -1.14312376E+01  8.60384E-02  1.60500E-02  2.00625E-03  4.40549E-02  1.10323E-02
    5   -1.14525868E+01  2.13492E-02  1.44825E-03  1.81031E-04  1.90867E-02  4.75699E-03
    6   -1.14552874E+01  2.70066E-03  3.13174E-03  3.91468E-04  5.57884E-03  1.38849E-03
    7   -1.14521590E+01  3.12844E-03  1.61922E-03  2.02402E-04  7.91818E-04  1.97110E-04
    8   -1.14523980E+01  2.39004E-04  1.63880E-04  2.04849E-05  1.13309E-04  2.82056E-05
    9   -1.14524776E+01  7.96118E-05  8.07901E-05  1.00988E-05  1.48879E-05  3.70598E-06
   10   -1.14529803E+01  5.02672E-04  1.62153E-04  2.02691E-05  2.66544E-04  6.63453E-05
   11   -1.14530263E+01  4.60305E-05  1.06821E-05  1.33526E-06  1.68178E-05  4.18607E-06
   12   -1.14530117E+01  1.46153E-05  3.00814E-06  3.76017E-07  1.71116E-05  4.25924E-06
   13   -1.14530215E+01  9.84786E-06  4.17593E-06  5.21991E-07  2.26101E-06  5.62786E-07
   14   -1.14530205E+01  9.95580E-07  1.24791E-06  1.55989E-07  2.13655E-06  5.31806E-07
   15   -1.14530137E+01  6.80425E-06  6.86392E-07  8.57990E-08  5.76944E-06  1.43607E-06
   16   -1.14530119E+01  1.86826E-06  1.39950E-07  1.74937E-08  1.56548E-06  3.89663E-07
   17   -1.14530115E+01  3.34704E-07  5.97054E-08  7.46317E-09  3.08194E-07  7.67125E-08
   18   -1.14530117E+01  1.23218E-07  2.89716E-08  3.62145E-09  1.13345E-07  2.82127E-08
