#Energy Ak(E)
#Number of points in energy window  1019
 0.000000000000E+00 -2.942706035253E-01  9.233963049195E-02
 0.000000000000E+00 -2.936502374492E-01  9.335547077676E-02
 0.000000000000E+00 -2.930298713731E-01  9.439011782548E-02
 0.000000000000E+00 -2.924095052970E-01  9.544405976735E-02
 0.000000000000E+00 -2.917891392209E-01  9.651780097077E-02
 0.000000000000E+00 -2.911687731448E-01  9.761186270145E-02
 0.000000000000E+00 -2.905484070687E-01  9.872678381192E-02
 0.000000000000E+00 -2.899280409926E-01  9.986312146433E-02
 0.000000000000E+00 -2.893076749164E-01  1.010214518881E-01
 0.000000000000E+00 -2.886873088403E-01  1.022023711749E-01
 0.000000000000E+00 -2.880669427642E-01  1.034064961120E-01
 0.000000000000E+00 -2.874465766881E-01  1.046344650580E-01
 0.000000000000E+00 -2.868262106120E-01  1.058869388608E-01
