***************************** Symmetries *****************************
Space group No.  123
International: P4/mmm
Schoenflies: D4h^1
  Index                Rotation matrix                      Fractional translations
    1 :     1   0   0     0   1   0     0   0   1      0.000000    0.000000    0.000000
    2 :    -1   0   0     0  -1   0     0   0  -1      0.000000    0.000000    0.000000
    3 :     1   0   0     0   0   1     0  -1   0      0.000000    0.000000    0.000000
    4 :    -1   0   0     0   0  -1     0   1   0      0.000000    0.000000    0.000000
    5 :     1   0   0     0  -1   0     0   0  -1      0.000000    0.000000    0.000000
    6 :    -1   0   0     0   1   0     0   0   1      0.000000    0.000000    0.000000
    7 :     1   0   0     0   0  -1     0   1   0      0.000000    0.000000    0.000000
    8 :    -1   0   0     0   0   1     0  -1   0      0.000000    0.000000    0.000000
    9 :    -1   0   0     0   1   0     0   0  -1      0.000000    0.000000    0.000000
   10 :     1   0   0     0  -1   0     0   0   1      0.000000    0.000000    0.000000
   11 :    -1   0   0     0   0  -1     0  -1   0      0.000000    0.000000    0.000000
   12 :     1   0   0     0   0   1     0   1   0      0.000000    0.000000    0.000000
   13 :    -1   0   0     0  -1   0     0   0   1      0.000000    0.000000    0.000000
   14 :     1   0   0     0   1   0     0   0  -1      0.000000    0.000000    0.000000
   15 :    -1   0   0     0   0   1     0   1   0      0.000000    0.000000    0.000000
   16 :     1   0   0     0   0  -1     0  -1   0      0.000000    0.000000    0.000000
Info: The system has    16 symmetries that can be used.
**********************************************************************
